800!x856!
800
800800!x856
856856!
800
800800
800800800!x856
856856
856856856!
800
800800
800800800
8008008002000!x856
856856
856856856
8568568562140!
800
800800
800800800
8008008002000
80080080020001000!x856
856856
856856856
8568568562140
85685685621401070!
800
800800
800800800
8008008002000
80080080020001000
800800800200010001000!x856
856856
856856856
8568568562140
85685685621401070
856856856214010701070!
800
800800
800800800
8008008002000
80080080020001000
800800800200010001000
8008008002000100010001000!x856
856856
856856856
8568568562140
85685685621401070
856856856214010701070
8568568562140107010701070!
